# .PCD v0.7 - Point Cloud Data file format
VERSION 0.7
FIELDS x y z rgb
SIZE 4 4 4 4
TYPE F F F U
COUNT 1 1 1 1
WIDTH 898
HEIGHT 1
VIEWPOINT 0 0 0 1 0 0 0
POINTS 898
DATA ascii
250.3795 -29.579758 832.88 4278717446
250.80669 -29.601301 832.94885 4278717447
251.35988 -29.579498 832.97742 4278783239
251.77148 -29.621647 832.99683 4278783239
252.32996 -29.592422 833.04163 4278783238
252.73828 -29.625721 833.04962 4278782983
253.30231 -29.586035 833.11591 4278717190
253.71069 -29.615145 833.12396 4278717191
254.28416 -29.592222 833.21423 4278717190
254.70831 -29.633524 833.27612 4278717191
255.28383 -29.602558 833.3728 4278782983
255.7 -29.629078 833.40985 4278782983
256.25116 -29.600925 833.42596 4278782983
256.65643 -29.626904 833.42883 4278782983
257.60324 -29.645388 833.41309 4278782982
250.13377 -29.020756 832.47449 4278848778
250.75223 -29.094517 832.54065 4278783498
251.10704 -29.020868 832.55505 4278849034
251.71466 -29.096952 832.58203 4278717962
252.07626 -29.017736 832.61871 4278848778
252.68587 -29.101965 832.65173 4278783242
253.05067 -29.029133 832.69971 4278914314
253.66489 -29.11138 832.745 4278783242
254.03679 -29.035341 832.81458 4278783241
254.66425 -29.11124 832.90472 4278717705
255.03719 -29.036238 832.97742 4278848777
255.6385 -29.100788 832.98254 4278783241
255.99065 -29.034784 832.98749 4278848777
256.5668 -29.123598 832.90784 4278848778
256.87863 -29.019781 832.78381 4278980106
257.45166 -29.081528 832.69531 4278914569
257.77335 -29.026196 832.59943 4278980361
258.32928 -29.093557 832.45544 4278915081
250.11368 -28.608547 832.00201 4278915084
250.53801 -28.640388 832.06525 4278980620
251.09723 -28.612898 832.117 4278980620
251.51131 -28.648817 832.14618 4278915084
252.06914 -28.616581 832.19092 4278915084
252.48029 -28.653336 832.20984 4278980364
253.03868 -28.620798 832.2569 4278980365
253.45123 -28.652403 832.2804 4278980364
254.01897 -28.623016 832.35553 4278914827
254.44487 -28.660919 832.4231 4278914827
255.019 -28.629858 832.51831 4278914827
255.43127 -28.662098 832.54205 4278914571
255.98935 -28.63438 832.5838 4278914571
256.38159 -28.665545 832.54327 4278980364
256.89896 -28.622288 832.45178 4278980364
257.2565 -28.645641 832.30017 4279111949
257.77197 -28.599892 832.20276 4279243534
258.13992 -28.647846 832.08319 4279177997
258.65643 -28.610704 831.98615 4279112461
250.44153 -28.120956 831.51831 4279112463
250.80261 -28.047338 831.55731 4279112463
251.41104 -28.125877 831.59076 4279112207
251.77061 -28.05093 831.62091 4279112206
252.37506 -28.129984 831.64026 4279112206
252.73311 -28.054909 831.66534 4279112206
253.3394 -28.132072 831.68939 4279111950
253.70511 -28.057993 831.74005 4279046413
254.32623 -28.136581 831.81177 4279046413
254.69962 -28.061235 831.88745 4278980621
255.31516 -28.13554 831.94012 4279046157
255.68341 -28.066883 831.99921 4278980621
256.28741 -28.148441 832.01221 4279046413
256.62683 -28.060135 831.979 4279111950
257.19604 -28.124617 831.8797 4279309071
257.48941 -28.051128 831.69641 4279440913
258.05154 -28.124737 831.57587 4279506450
258.37338 -28.048222 831.48419 4279572242
258.91071 -28.119438 831.28687 4279507215
250.16881 -27.665308 830.85059 4279309586
250.73021 -27.63409 830.91211 4279244049
251.14502 -27.669342 830.94513 4279244048
251.69897 -27.637287 830.98053 4279178256
252.10754 -27.671719 830.99292 4279178256
252.65697 -27.63983 831.01196 4279178000
253.0652 -27.67345 831.02362 4279178000
253.62318 -27.641903 831.07043 4279177999
254.04477 -27.677502 831.12549 4279112207
254.61443 -27.645378 831.2099 4279046671
255.04294 -27.681387 831.2876 4279046670
255.61438 -27.654106 831.37573 4279046671
256.03842 -27.691608 831.43933 4279046670
256.59225 -27.652439 831.4693 4279046671
256.98428 -27.676029 831.42993 4279309328
257.48859 -27.64167 831.29907 4279506706
257.87604 -27.680779 831.24634 4279572755
258.38583 -27.646921 831.15778 4279441939
258.75989 -27.675516 831.04016 4279639314
250.05132 -27.143734 830.23505 4279309842
250.41307 -27.069118 830.27789 4279375634
251.01862 -27.146622 830.30548 4279375634
251.37614 -27.072256 830.33026 4279244305
251.97414 -27.148361 830.33197 4279309585
252.32846 -27.072815 830.34583 4279375122
252.92589 -27.148169 830.34491 4279375121
253.28661 -27.073984 830.38055 4279309328
253.89851 -27.151279 830.42578 4279309072
254.26921 -27.076796 830.49438 4279243536
254.89108 -27.156551 830.57092 4279178000
255.26744 -27.085068 830.65759 4279178256
255.89195 -27.163326 830.74139 4279112464
256.25928 -27.086811 830.79938 4279178000
256.86407 -27.15922 830.81824 4279243791
257.19901 -27.082516 830.77106 4279309840
257.74344 -27.156683 830.59613 4279507216
258.07193 -27.08366 830.54028 4279376401
258.63452 -27.149813 830.41205 4279770383
258.90375 -27.087793 830.2525 4279576342
250.37447 -26.661058 829.74615 4279375890
250.7863 -26.694494 829.77075 4279375890
251.33554 -26.66157 829.79321 4279375635
251.74133 -26.69603 829.79791 4279309842
252.28613 -26.66308 829.80481 4279375378
252.69025 -26.695347 829.80518 4279375378
253.24083 -26.661779 829.83026 4279440657
253.65616 -26.69771 829.86749 4279375121
254.21852 -26.667589 829.9303 4279309329
254.64282 -26.703083 829.99689 4279243793
255.21411 -26.672501 830.08655 4279244049
255.64331 -26.708775 830.1687 4279178257
256.2114 -26.676258 830.24677 4279178513
256.62338 -26.709173 830.27448 4279244049
257.1673 -26.676197 830.27338 4279244305
257.52225 -26.706553 830.11823 4279375889
258.03873 -26.676128 830.05762 4279376659
258.42673 -26.700659 829.98035 4279573522
258.82956 -26.675886 829.77014 4279445014
250.09917 -26.103128 829.24939 4279310354
250.70178 -26.178835 829.2699 4279441427
251.05704 -26.102749 829.28815 4279441428
251.65384 -26.177149 829.28918 4279375891
252.00664 -26.101866 829.29962 4279375635
252.60258 -26.177999 829.29602 4279375634
252.95915 -26.103624 829.3197 4279375378
253.56519 -26.178581 829.34821 4279309841
253.92979 -26.104252 829.39856 4279309585
254.54384 -26.183601 829.45245 4279309585
254.91451 -26.111437 829.52203 4279244049
255.53285 -26.187164 829.58881 4279244049
255.90327 -26.112507 829.65778 4279244306
256.51254 -26.190123 829.69391 4279244562
256.87131 -26.117088 829.72467 4279310099
257.44339 -26.190552 829.64081 4279310355
257.78577 -26.118034 829.63147 4279376403
258.37537 -26.187557 829.58704 4279376656
258.69586 -26.113697 829.534 4279443220
250.09801 -25.696978 828.83588 4279638547
250.50542 -25.732145 828.85345 4279573013
251.05194 -25.696318 828.86664 4279441685
251.4565 -25.729395 828.87195 4279441684
251.99994 -25.696463 828.8764 4279441684
252.40387 -25.730543 828.87738 4279441427
252.95148 -25.6971 828.89496 4279441427
253.36285 -25.731285 828.92084 4279375635
253.91924 -25.699057 828.96588 4279375634
254.33687 -25.733517 829.01251 4279375378
254.9001 -25.701439 829.07745 4279309842
255.32133 -25.738817 829.13654 4279309843
255.88713 -25.708286 829.20862 4279310099
256.29999 -25.742243 829.24066 4279310355
256.85657 -25.709864 829.28217 4279310611
257.24222 -25.743805 829.22668 4279441941
257.77441 -25.713633 829.2193 4279507476
258.17932 -25.741209 829.19629 4279441683
258.68466 -25.707809 829.15448 4279049491
250.4534 -25.215282 828.45099 4279442198
250.80487 -25.139555 828.45966 4279638807
251.4026 -25.212845 828.46545 4279441942
251.75317 -25.139614 828.47369 4279507478
252.35297 -25.214115 828.47961 4279376405
252.70604 -25.141043 828.49829 4279507477
253.31189 -25.21471 828.5224 4279376148
253.66974 -25.144764 828.5614 4279310355
254.28226 -25.220631 828.60547 4279375891
254.64485 -25.145962 828.65698 4279375891
255.25826 -25.220228 828.70679 4279310611
255.62485 -25.150005 828.7674 4279245075
256.23514 -25.226377 828.80548 4279310868
256.59653 -25.152908 828.84967 4279376405
257.18616 -25.226845 828.81677 4279376662
257.50595 -25.15361 828.73169 4279573526
258.09555 -25.223009 828.69006 4279376661
258.42267 -25.148352 828.65002 4279442197
259.00552 -25.204107 828.54584 4279640592
250.28098 -24.771921 828.12347 4279639575
250.82704 -24.734255 828.12616 4279705112
251.22942 -24.771894 828.13562 4279704857
251.77565 -24.737642 828.14069 4279639320
252.1786 -24.77281 828.15057 4279639319
252.72829 -24.734781 828.16669 4279639575
253.13535 -24.772312 828.1889 4279507990
253.69173 -24.739941 828.22675 4279507734
254.10403 -24.77725 828.26538 4279507478
254.66492 -24.740738 828.3161 4279507733
255.07819 -24.778194 828.35889 4279441941
255.64288 -24.745592 828.42004 4279507990
256.05365 -24.782427 828.45642 4279507990
256.61407 -24.746103 828.50299 4279508246
257.01483 -24.782898 828.50659 4279574039
257.54446 -24.747953 828.45148 4279705368
257.93863 -24.78315 828.43555 4279639575
258.48004 -24.744629 828.41473 4279377173
258.8606 -24.774136 828.35925 4279836693
250.26138 -24.258797 827.81763 4279771674
250.60992 -24.183512 827.81573 4279705625
251.20786 -24.256428 827.82666 4279771161
251.55771 -24.184341 827.83099 4279836698
252.15843 -24.256739 827.84454 4279836954
252.51074 -24.184141 827.85852 4279640089
253.11514 -24.258808 827.88281 4279574553
253.47156 -24.188589 827.91479 4279705369
254.08231 -24.26219 827.95721 4279508247
254.44228 -24.189611 827.99799 4279442711
255.05226 -24.264551 828.04205 4279442711
255.41728 -24.193161 828.09412 4279574041
256.02689 -24.268251 828.13495 4279574040
256.38858 -24.194664 828.17773 4279705625
256.99048 -24.266645 828.18921 4279771673
257.33185 -24.195139 828.17065 4279640857
257.90198 -24.267372 828.07104 4279837465
258.23077 -24.198645 828.04846 4279640087
258.82309 -24.255123 827.98315 4279902740
259.11124 -24.203161 827.92499 4279707673
250.10904 -23.822708 827.56647 4280034589
250.65546 -23.781858 827.56134 4279968796
251.05463 -23.819773 827.57263 4279903260
251.60332 -23.781498 827.57556 4280034333
252.00357 -23.820326 827.58862 4280034334
252.55495 -23.782181 827.60095 4279903004
252.9585 -23.822538 827.62262 4279837724
253.51591 -23.786158 827.65521 4279903261
253.92468 -23.825785 827.69293 4279837212
254.48508 -23.787039 827.73419 4279837212
254.8938 -23.827122 827.77252 4279705884
255.4583 -23.790308 827.82501 4279771421
255.86652 -23.828661 827.86267 4279837212
256.4285 -23.790585 827.90686 4279903260
256.83139 -23.83021 827.92749 4279837723
257.38095 -23.792162 827.92932 4279903515
257.76022 -23.832407 827.87494 4279772186
258.30545 -23.791761 827.85992 4279640858
258.69092 -23.825796 827.82941 4279903001
259.23737 -23.780087 827.78772 4279577113
250.11673 -23.30751 827.34167 4280231968
250.46439 -23.234037 827.33411 4280100896
251.06052 -23.305071 827.34308 4280100896
251.40961 -23.233282 827.34253 4280100896
252.00899 -23.305534 827.35321 4280100640
252.35915 -23.23406 827.36041 4280166433
252.96233 -23.307598 827.38312 4280166690
253.31702 -23.239218 827.40924 4279969568
253.92677 -23.31064 827.45081 4280034848
254.28496 -23.237976 827.48541 4280034849
254.89322 -23.313732 827.52936 4279969057
255.25728 -23.242737 827.57477 4280034337
255.86543 -23.315952 827.61548 4279968799
256.22708 -23.241896 827.65515 4279969054
256.83224 -23.313707 827.68152 4279903518
257.18491 -23.243277 827.69659 4280035102
257.77606 -23.316624 827.67249 4279969567
258.11316 -23.252342 827.67194 4279969310
258.70596 -23.317493 827.65674 4280034843
259.03287 -23.254292 827.64203 4279970333
250.52777 -22.834288 827.1438 4280429604
250.92499 -22.872995 827.1507 4280364069
251.47336 -22.833216 827.14886 4280364325
251.8701 -22.872265 827.1554 4280364068
252.41977 -22.83354 827.15991 4280429860
252.82077 -22.873493 827.17865 4280364069
253.37688 -22.835157 827.20428 4280298019
253.78409 -22.875292 827.24121 4280298277
254.34335 -22.837605 827.27679 4280363557
254.75137 -22.87851 827.31616 4280232229
255.31508 -22.841408 827.36395 4280166437
255.72168 -22.880083 827.39996 4280231972
256.2832 -22.84049 827.44122 4280297762
256.68652 -22.878546 827.46515 4280232226
257.24063 -22.839884 827.48181 4280298017
257.63422 -22.88286 827.4776 4280166689
258.18503 -22.846821 827.47729 4280035360
258.5762 -22.882349 827.47467 4280035102
259.12723 -22.838886 827.46393 4279774495
250.00468 -22.362997 826.98383 4280496169
250.35361 -22.289898 826.97485 4280561961
250.94525 -22.362616 826.97418 4280430889
251.29546 -22.28961 826.96954 4280561962
251.88782 -22.36162 826.96783 4280496682
252.23903 -22.289289 826.96924 4280561961
252.83672 -22.362459 826.98553 4280430889
253.19472 -22.289221 827.00812 4280627498
253.7997 -22.362455 827.04736 4280430890
254.16066 -22.291828 827.07922 4280496170
254.76636 -22.368126 827.1236 4280364328
255.13211 -22.295774 827.16699 4280429609
255.73575 -22.369011 827.20355 4280298536
256.09982 -22.295269 827.24231 4280429863
256.70056 -22.367765 827.2688 4280298789
257.05823 -22.294991 827.2879 4280167459
257.65829 -22.37022 827.30884 4280167458
257.96402 -22.299503 827.18085 4280232738
258.54251 -22.370739 827.14893 4280232480
258.87878 -22.299303 827.11597 4280364322
259.35803 -22.384464 826.99133 4280825889
250.43085 -21.891575 826.83685 4281022511
250.82719 -21.928774 826.83435 4280891183
251.37151 -21.890728 826.82819 4280760622
251.76707 -21.926025 826.823 4280891438
252.31256 -21.891548 826.82098 4280891693
252.71335 -21.928967 826.83246 4280891438
253.26604 -21.891613 826.85394 4280957487
253.67389 -21.929052 826.88708 4280825902
254.2301 -21.8943 826.92017 4280956719
254.64044 -21.932467 826.95978 4280824623
255.20119 -21.896355 827.00696 4280694317
255.60901 -21.933167 827.03906 4280627756
256.16824 -21.898193 827.08136 4280562218
256.57361 -21.93413 827.10425 4280496425
257.12592 -21.898409 827.12408 4280430888
257.53027 -21.937296 827.14661 4280430630
258.07959 -21.901083 827.15332 4280496166
258.46518 -21.941069 827.16418 4280495652
259.03024 -21.898001 827.17236 4280168739
250.26912 -21.350132 826.70728 4281089334
250.85722 -21.421574 826.69604 4281220662
251.20718 -21.346741 826.69037 4281286710
251.79581 -21.419678 826.6781 4281287223
252.14615 -21.348873 826.67633 4281155380
252.74121 -21.421566 826.68481 4281286196
253.09869 -21.349077 826.70605 4281154612
253.70175 -21.422373 826.74121 4281482293
254.06288 -21.35005 826.77338 4281154357
254.66817 -21.423868 826.8161 4280957747
255.03381 -21.351877 826.86139 4281154099
255.63617 -21.42627 826.89313 4280957746
256.00076 -21.355865 826.93524 4280760368
256.6011 -21.429007 826.95966 4280563246
256.9588 -21.356043 826.98016 4280694062
257.56171 -21.42893 827.01068 4280628525
257.88632 -21.354393 826.92773 4280693802
258.46396 -21.429834 826.91174 4280693284
258.82123 -21.351463 826.89709 4280430883
259.36353 -21.429611 826.82904 4280891679
250.3562 -20.953291 826.60364 4281813310
250.75247 -20.987272 826.5921 4282009919
251.29396 -20.951393 826.58691 4282075707
251.69028 -20.984415 826.57495 4281879100
252.23247 -20.952646 826.57208 4281878587
252.63432 -20.986231 826.57806 4281943612
253.18341 -20.951237 826.59839 4282008891
253.59303 -20.986029 826.62805 4282140222
254.14644 -20.954073 826.66095 4281943866
254.5582 -20.988476 826.69751 4281680698
255.11629 -20.955076 826.74408 4281746232
255.52475 -20.990492 826.77167 4281483064
256.08246 -20.959099 826.8158 4281285428
256.48932 -20.992964 826.83801 4281023026
257.03943 -20.958815 826.85706 4280826161
257.44846 -20.995489 826.88892 4281023024
257.97159 -20.959341 826.81738 4280957230
258.35315 -20.994764 826.81152 4280825129
258.91025 -20.954815 826.79987 4280366375
259.17929 -21.015572 826.75385 4281022756
250.20683 -20.411682 826.51331 4282668620
250.79257 -20.483374 826.49573 4282471753
251.14322 -20.410313 826.49176 4282406215
251.72925 -20.482784 826.47668 4282144583
252.0817 -20.410826 826.47681 4282667847
252.67505 -20.482969 826.48401 4282209096
253.03363 -20.410469 826.50574 4282732872
253.63501 -20.484243 826.53906 4282208582
253.9971 -20.412363 826.57135 4282470724
254.60097 -20.485613 826.60974 4282208578
254.96587 -20.414116 826.65289 4282010942
255.56609 -20.487146 826.67908 4281879100
255.93069 -20.416397 826.72107 4281615676
256.5296 -20.490551 826.74237 4281550139
256.88678 -20.418259 826.76117 4281549881
257.48993 -20.491024 826.79419 4281550391
257.82495 -20.416143 826.74207 4281155121
258.41547 -20.487257 826.73499 4281022763
258.76645 -20.413828 826.73193 4281021737
259.34467 -20.484243 826.68457 4281088291
250.30704 -20.016197 826.45563 4283524954
250.70227 -20.049219 826.43945 4283524695
251.24347 -20.015202 826.43549 4283197009
251.63951 -20.048834 826.42181 4283065169
252.18259 -20.015158 826.42255 4282999636
252.58446 -20.048788 826.42761 4283196245
253.13419 -20.015247 826.44971 4283064909
253.54219 -20.051546 826.47626 4283130189
254.09619 -20.018595 826.50922 4283326539
254.50543 -20.051851 826.54047 4283391822
255.06306 -20.01609 826.5835 4282931783
255.46889 -20.051342 826.60602 4282603591
256.02731 -20.020977 826.64948 4282406726
256.43198 -20.057693 826.66888 4282208834
256.98322 -20.022739 826.68677 4282011198
257.39133 -20.05596 826.71735 4281879101
257.9241 -20.018646 826.67554 4281351988
258.30823 -20.056551 826.67462 4281153581
258.86676 -20.018442 826.67163 4280563238
259.21585 -20.060465 826.63721 4281219109
250.17468 -19.477068 826.41986 4285694571
250.76003 -19.547977 826.40131 4284905829
251.11058 -19.476135 826.39667 4284380768
251.69643 -19.548117 826.3819 4284642916
252.0497 -19.47447 826.38367 4285234279
252.6425 -19.546389 826.39148 4284447072
253.00116 -19.476721 826.41168 4284054106
253.60074 -19.550629 826.4408 4284644187
253.96272 -19.478487 826.47125 4284446040
254.56447 -19.55057 826.50354 4284706648
254.92802 -19.477959 826.54224 4284247637
255.52664 -19.550135 826.56415 4283590741
255.89098 -19.48019 826.60431 4283983701
256.48999 -19.554567 826.62653 4283326290
256.84583 -19.482187 826.64075 4283128650
257.4494 -19.553385 826.67578 4282667076
257.78766 -19.478882 826.63336 4282008376
258.37872 -19.551121 826.62799 4281547308
258.73038 -19.478371 826.62878 4280628517
259.30972 -19.549002 826.58411 4281482016
250.28789 -19.082901 826.40466 4286223224
250.68353 -19.116011 826.39008 4285828718
251.22485 -19.081686 826.38647 4285433453
251.62161 -19.116249 826.37433 4285827952
252.16476 -19.080774 826.37701 4285565810
252.56679 -19.114605 826.38348 4285041253
253.11589 -19.082006 826.40308 4285370218
253.52238 -19.117537 826.42603 4285370215
254.07616 -19.083685 826.45782 4285498985
254.48334 -19.118927 826.48383 4285432417
255.04015 -19.083912 826.52283 4284709722
255.44452 -19.118269 826.5423 4283986772
256.00247 -19.085066 826.58252 4283788890
256.40652 -19.120855 826.60181 4283788375
256.95602 -19.084841 826.61206 4283654227
257.36218 -19.119677 826.63922 4282864711
257.897 -19.08378 826.60065 4281812026
258.27948 -19.121996 826.59686 4281481774
258.83902 -19.083479 826.59387 4280760360
259.18613 -19.127077 826.55664 4281350181
250.16846 -18.543932 826.40961 4287011695
250.75435 -18.614918 826.39264 4287206770
251.104 -18.543882 826.38574 4287010159
251.69083 -18.616072 826.37305 4286812270
252.0441 -18.542633 826.37622 4286026345
252.63788 -18.61458 826.38678 4285959269
252.99547 -18.543715 826.40485 4286158440
253.59485 -18.615828 826.43292 4286354800
253.95703 -18.543978 826.46405 4287272557
254.55763 -18.617451 826.49384 4286744163
254.92038 -18.546036 826.52844 4284841556
255.51814 -18.617628 826.54956 4285035857
255.88187 -18.545748 826.58545 4284314196
256.48077 -18.617634 826.60901 4284312920
256.8338 -18.54446 826.61249 4284048208
257.43546 -18.617239 826.64288 4283060292
257.77078 -18.54517 826.5899 4282074169
258.35907 -18.617702 826.5766 4281744429
258.70914 -18.544245 826.57117 4281219114
259.28415 -18.614899 826.51617 4281219362
250.29608 -18.15082 826.44281 4286221413
250.6922 -18.184797 826.42932 4285894497
251.23166 -18.150057 826.41943 4285566308
251.62813 -18.185392 826.40625 4285566303
252.17065 -18.149403 826.40826 4285631590
252.57365 -18.183521 826.41748 4285566305
253.12198 -18.150778 826.43427 4285632355
253.52834 -18.184195 826.4574 4285435997
254.08237 -18.148855 826.49011 4286156135
254.48961 -18.185707 826.5163 4286023775
255.04584 -18.152477 826.55237 4285495895
255.45012 -18.187035 826.57166 4284641874
256.00681 -18.150917 826.60779 4283919184
256.41092 -18.184971 826.62714 4283328073
256.95703 -18.149668 826.62708 4282800198
257.36111 -18.184195 826.64838 4282535231
257.8855 -18.148306 826.57599 4282008376
258.24973 -18.193647 826.56012 4281876015
258.8201 -18.149139 826.54395 4280761129
259.12152 -18.20237 826.48535 4281350694
250.18849 -17.614738 826.48615 4284708685
250.77423 -17.685633 826.46869 4284841036
251.12167 -17.612461 826.45435 4284119370
251.70853 -17.683369 826.44159 4284709708
252.0614 -17.611696 826.44379 4284709712
252.65704 -17.68465 826.46112 4284840525
253.01558 -17.612463 826.48096 4284578893
253.61693 -17.683933 826.51624 4284775757
253.98129 -17.612513 826.55377 4284840525
254.5831 -17.685329 826.58746 4285101135
254.94664 -17.614407 826.62402 4284836940
255.54399 -17.686558 826.64313 4283785798
255.90598 -17.614592 826.67432 4283458117
256.50354 -17.684906 826.69104 4282933317
256.85281 -17.611942 826.68451 4282274364
257.45065 -17.682703 826.70184 4282206007
257.7793 -17.61076 826.62866 4282073651
258.36389 -17.685841 826.60126 4281678893
258.71069 -17.612022 826.58856 4280957480
259.28238 -17.681709 826.51501 4281679651
250.3266 -17.219366 826.55322 4283327550
250.7215 -17.256205 826.53369 4283525185
251.25595 -17.219784 826.5094 4283525182
251.653 -17.251862 826.49622 4283459393
252.19485 -17.217916 826.49658 4283262272
252.60101 -17.253965 826.5155 4283524673
253.15167 -17.219408 826.54132 4283918912
253.56293 -17.253744 826.57849 4283984706
254.1205 -17.218567 826.62341 4284049219
254.53041 -17.254538 826.65686 4283852098
255.08749 -17.221691 826.69684 4283325760
255.49254 -17.256695 826.71503 4282997055
256.04657 -17.220619 826.74445 4282800189
256.44971 -17.255005 826.75702 4282274617
256.99139 -17.21825 826.74615 4282010422
257.39383 -17.251862 826.76154 4281877555
257.90982 -17.216032 826.66479 4281286702
258.27103 -17.260798 826.63873 4281088297
258.84006 -17.217691 826.62097 4280497959
259.09793 -17.279779 826.54309 4281153573
250.22704 -16.681307 826.62329 4282603833
250.81143 -16.752764 826.59772 4282604860
251.15331 -16.682734 826.5675 4282866490
251.74083 -16.754492 826.55774 4282669626
252.09325 -16.682123 826.55804 4282668601
252.69366 -16.754538 826.59174 4282669116
253.05699 -16.682341 826.62445 4282997309
253.66542 -16.754259 826.68512 4283129402
254.03528 -16.683002 826.73749 4282735670
254.64079 -16.755859 826.78448 4283063866
255.00604 -16.684406 826.82471 4282734137
255.603 -16.756794 826.84332 4282339382
255.96255 -16.685623 826.86688 4282010678
256.55566 -16.756807 826.8681 4281879092
256.90265 -16.683722 826.85468 4281746737
257.49625 -16.752729 826.85785 4281351981
257.82364 -16.679602 826.7804 4281088554
258.396 -16.756237 826.74896 4280956711
258.75351 -16.681988 826.73444 4280890919
259.29639 -16.760313 826.66803 4281088802
250.37209 -16.286882 826.70953 4282142770
250.76526 -16.323706 826.68085 4282143028
251.28989 -16.289097 826.63092 4282208049
251.69031 -16.324127 826.62378 4282273331
252.22997 -16.290361 826.62408 4282272817
252.64697 -16.322416 826.66705 4282469683
253.20505 -16.288071 826.72437 4282470194
253.62991 -16.325428 826.79773 4282470963
254.19385 -16.29026 826.86963 4282340143
254.61246 -16.325439 826.92224 4282077744
255.16827 -16.293074 826.96625 4282142002
255.57611 -16.326813 826.98541 4281878322
256.12241 -16.291193 827.00067 4281746224
256.52249 -16.326948 826.9942 4281746737
257.05951 -16.291746 826.97546 4281417771
257.45978 -16.324049 826.98047 4281088296
257.97546 -16.285784 826.88654 4280825125
258.3385 -16.331566 826.86243 4280955942
258.9064 -16.289909 826.84735 4280628774
259.1734 -16.351261 826.78754 4281088549
250.2793 -15.754218 826.80402 4281747247
250.85941 -15.823713 826.76312 4281682992
251.19559 -15.752438 826.69977 4281616685
251.78134 -15.823443 826.69733 4281485356
252.13161 -15.749502 826.68976 4281615660
252.74176 -15.824397 826.75629 4281747242
253.11537 -15.752069 826.81531 4282009901
253.73656 -15.826483 826.92291 4281748528
254.1147 -15.753613 827.00195 4281748270
254.73112 -15.827733 827.08191 4281420847
255.09683 -15.756285 827.12579 4281484847
255.69939 -15.827957 827.15619 4281549104
256.05197 -15.756008 827.16272 4281680176
256.64005 -15.828086 827.14514 4281484076
256.98419 -15.756038 827.12488 4280892968
257.57474 -15.824107 827.11731 4280891429
257.89005 -15.752421 827.01813 4280628259
258.46713 -15.827272 826.98566 4280693537
258.8089 -15.760685 826.96844 4280562467
259.3042 -15.848869 826.90179 4281023010
250.43538 -15.360224 826.92621 4281418538
250.82484 -15.389143 826.8786 4281419305
251.33659 -15.359429 826.79651 4281288487
251.73842 -15.399588 826.78473 4281353766
252.26308 -15.360355 826.77734 4281484327
252.70541 -15.389982 826.8537 4281549609
253.27174 -15.358113 826.94269 4281615143
253.71283 -15.396855 827.06146 4281419305
254.28838 -15.363446 827.17792 4281222952
254.72023 -15.399276 827.26288 4281222185
255.27846 -15.365733 827.32568 4281286953
255.69022 -15.399388 827.35577 4281351724
256.2301 -15.364985 827.35284 4281154602
256.62494 -15.400495 827.33136 4280892454
257.16028 -15.362035 827.30701 4280760869
257.55005 -15.39683 827.28033 4280628515
258.06253 -15.358793 827.17517 4280365858
258.43616 -15.40257 827.146 4280430623
258.98856 -15.362237 827.1192 4280235040
259.26001 -15.421086 827.06744 4281219878
250.03578 -14.898156 827.15967 4281418536
250.35196 -14.830304 827.0498 4281287976
250.92415 -14.895881 826.98187 4281222696
251.25945 -14.821348 826.88879 4281222694
251.83571 -14.890656 826.87689 4281223461
252.18349 -14.816154 826.86163 4281287718
252.80573 -14.894041 826.96173 4281353253
253.18851 -14.823352 827.04767 4281222182
253.82231 -14.898694 827.20416 4281091366
254.21327 -14.822495 827.32703 4281091367
254.8428 -14.899472 827.44397 4281024807
255.21288 -14.830678 827.50775 4281155367
255.82181 -14.900992 827.55524 4281089319
256.16925 -14.829107 827.5484 4280826661
256.75702 -14.899975 827.52795 4280760355
257.09991 -14.828648 827.505 4280562722
257.68091 -14.897246 827.46686 4280431136
258.02313 -14.828777 827.45428 4280365088
258.60559 -14.901877 827.44385 4280430621
258.92603 -14.850311 827.4436 4280431136
250.58038 -14.43584 827.4071 4281287976
251.41446 -14.44136 827.17542 4281287461
252.33487 -14.433322 827.0874 4281287462
253.40474 -14.432872 827.37042 4281288486
254.43791 -14.436807 827.66687 4281156903
254.84267 -14.478308 827.69812 4281089830
255.4196 -14.439887 827.78607 4281024036
255.81317 -14.476864 827.7738 4280892708
256.35495 -14.436874 827.76263 4280760610
256.74808 -14.474965 827.74835 4280628770
257.2858 -14.43564 827.71869 4280299551
257.66202 -14.474033 827.65759 4280299038
258.19205 -14.435457 827.63373 4280167965
258.57733 -14.479693 827.61169 4280364317
259.10492 -14.44442 827.59338 4280169245
250.17484 -13.974005 827.62866 4281023778
250.48521 -13.901509 827.50134 4281089827
251.06039 -13.966269 827.43689 4281156131
251.94229 -13.963632 827.23199 4281220642
252.94353 -13.967585 827.41309 4281156644
253.98732 -13.975165 827.74402 4281024292
254.36299 -13.899858 827.8252 4281023780
254.99454 -13.97296 827.94354 4280958243
255.3494 -13.904324 827.96082 4280760866
255.96184 -13.974783 828.01056 4280826402
256.30533 -13.902304 828.00116 4280694562
256.90036 -13.972013 827.99615 4280562720
257.23871 -13.902687 827.96497 4280430367
257.82419 -13.971471 827.93506 4280299038
258.16507 -13.904427 827.91974 4280167453
258.75443 -13.974855 827.89862 4280430106
250.72328 -13.512601 827.88544 4280760608
251.57523 -13.51515 827.69952 4280826911
252.51445 -13.506495 827.6189 4280761378
253.53964 -13.505563 827.82251 4280826913
254.56915 -13.510565 828.09717 4281219361
254.96562 -13.556147 828.13116 4280629280
255.55647 -13.511489 828.23389 4280694816
255.94757 -13.551799 828.2337 4280497439
256.4989 -13.51043 828.22906 4280496671
256.89343 -13.553377 828.23999 4280430366
257.43503 -13.509508 828.20184 4280233245
257.79379 -13.549352 828.09991 4280167451
258.32608 -13.509109 828.06464 4279970587
258.71219 -13.552768 828.01959 4280298524
259.16071 -13.531813 827.9657 4280301087
250.34845 -13.049109 828.2121 4280364826
250.67226 -12.976632 828.13165 4280430876
251.2574 -13.040184 828.09302 4280365852
252.15593 -13.041723 827.93896 4280366108
253.15005 -13.044415 828.09692 4280431644
254.15993 -13.051652 828.3092 4280497181
254.52444 -12.977493 828.36292 4280431389
255.14752 -13.046556 828.44708 4280300061
255.50424 -12.978867 828.47443 4280234268
256.1138 -13.048272 828.5152 4280168219
256.45767 -12.981038 828.51929 4280233243
257.06693 -13.047441 828.54083 4280298010
257.3952 -12.979281 828.49414 4280101146
257.98685 -13.046718 828.46533 4280101145
258.32834 -12.979004 828.45282 4279838745
258.91077 -13.0479 828.40497 4280298521
250.35638 -12.628932 828.51727 4280166937
250.89386 -12.583698 828.4549 4280167448
251.27127 -12.629221 828.41901 4280036376
251.77991 -12.590596 828.37299 4280102168
252.18637 -12.629636 828.32172 4280167706
252.74579 -12.581652 828.32928 4280036121
253.145 -12.619596 828.36633 4280101657
253.71138 -12.579738 828.39447 4280298777
254.12303 -12.63087 828.47223 4280298779
254.70793 -12.58379 828.56439 4280167451
255.11951 -12.627553 828.63892 4280036378
255.70374 -12.583415 828.73047 4280036122
256.10837 -12.629009 828.77814 4279970073
256.66714 -12.586886 828.79132 4280100888
257.06799 -12.630915 828.82196 4280100377
257.60443 -12.585614 828.76117 4279837975
257.98798 -12.629412 828.73981 4279903255
258.53073 -12.584289 828.72388 4279641624
258.91217 -12.627275 828.67151 4280298267
250.5428 -12.126714 828.88196 4279903509
250.87367 -12.056061 828.83453 4279772694
251.46054 -12.123042 828.7934 4279772950
251.79291 -12.056669 828.76147 4279838487
252.38138 -12.122036 828.71112 4279904537
252.72575 -12.057615 828.72021 4279969561
253.34003 -12.12069 828.74915 4279772695
253.69031 -12.057096 828.7821 4279838231
254.31769 -12.122824 828.85254 4279903768
254.68382 -12.05514 828.92267 4280034841
255.30789 -12.123753 828.99591 4279838233
255.67702 -12.055398 829.0752 4279838232
256.29553 -12.124959 829.12939 4279772439
256.64532 -12.057409 829.15076 4279772182
257.26019 -12.125708 829.18774 4279902742
257.57736 -12.05735 829.10443 4279771415
258.1593 -12.130332 829.07153 4279706135
258.50952 -12.054379 829.0564 4279837464
259.04886 -12.126736 828.95801 4280298008
250.18109 -11.66426 829.25488 4279902742
250.57152 -11.704595 829.23969 4279837205
251.10599 -11.66088 829.18176 4279771925
251.49199 -11.704392 829.15649 4279706389
252.02879 -11.661452 829.10858 4279640853
252.41689 -11.703619 829.08807 4279706646
252.96684 -11.65861 829.08221 4279640854
253.36888 -11.698903 829.10767 4279771670
253.93005 -11.657443 829.14075 4279837461
254.34183 -11.701757 829.19543 4279771670
254.91501 -11.661945 829.26495 4279836950
255.33195 -11.704413 829.33801 4279836951
255.90817 -11.661167 829.41895 4279705878
256.32172 -11.703446 829.47894 4279640086
256.88312 -11.663425 829.51166 4279771413
257.28827 -11.706561 829.5426 4279770901
257.80542 -11.664877 829.4303 4279574292
258.19031 -11.703398 829.40088 4279705621
258.73486 -11.659099 829.36804 4279575062
259.08682 -11.698037 829.24219 4280166169
250.19281 -11.13412 829.73651 4279705365
250.78487 -11.204224 829.70819 4279574037
251.11623 -11.134736 829.65973 4279705366
251.70415 -11.203196 829.62152 4279640086
252.03802 -11.134249 829.57874 4279574549
252.62898 -11.201374 829.55023 4279574806
252.97241 -11.130513 829.53918 4279640086
253.57852 -11.198579 829.55652 4279640085
253.93423 -11.129858 829.58899 4279640084
254.55208 -11.199265 829.64282 4279640084
254.91603 -11.131941 829.70312 4279574037
255.54237 -11.202696 829.78284 4279639573
255.91101 -11.133405 829.85852 4279639318
256.53528 -11.20259 829.93103 4279508245
256.89026 -11.133866 829.96155 4279705109
257.50098 -11.203617 829.98761 4279770644
257.80411 -11.137313 829.85345 4279639828
258.38083 -11.216476 829.80457 4279771670
258.72357 -11.130179 829.76459 4279771413
259.23059 -11.20266 829.5545 4279968274
250.46117 -10.744102 830.20697 4279573780
250.85359 -10.782553 830.1839 4279573524
251.38499 -10.739014 830.12958 4279573525
251.77649 -10.779608 830.10492 4279573781
252.30957 -10.74021 830.05811 4279442707
252.70453 -10.779529 830.04266 4279442707
253.24921 -10.737902 830.03381 4279442707
253.65439 -10.778629 830.05133 4279574036
254.21078 -10.73773 830.08362 4279639316
254.62433 -10.77672 830.12628 4279507987
255.18999 -10.738986 830.18585 4279573524
255.61182 -10.781043 830.2569 4279573524
256.18195 -10.741023 830.33228 4279573269
256.60013 -10.782028 830.38983 4279573268
257.1615 -10.743634 830.43591 4279638802
257.56281 -10.782731 830.43774 4279704596
258.1152 -10.747574 830.45331 4279508243
258.51553 -10.78183 830.45544 4279574290
259.06049 -10.740767 830.43768 4279639828
250.17139 -10.285579 830.83691 4279638803
250.51405 -10.213754 830.81171 4279507731
251.10759 -10.281995 830.79865 4279507731
251.44582 -10.209501 830.75867 4279573268
252.03691 -10.281054 830.73792 4279573268
252.37503 -10.211729 830.69788 4279507475
252.96822 -10.282283 830.68402 4279442195
253.31366 -10.209461 830.66785 4279441939
253.9146 -10.278693 830.67865 4279573523
254.26855 -10.206544 830.69092 4279442195
254.87865 -10.278571 830.72998 4279310610
255.24123 -10.209223 830.77063 4279507475
255.86243 -10.281555 830.84454 4279441684
256.22833 -10.212774 830.89709 4279507475
256.84613 -10.283561 830.95862 4279441682
257.19766 -10.211734 830.96423 4279441682
257.78186 -10.283131 830.91736 4279638546
258.07419 -10.215581 830.73352 4279704338
258.63293 -10.291508 830.63324 4279573523
258.94727 -10.206617 830.49255 4279638800
259.40918 -10.27115 830.01349 4279310348
250.28081 -9.8618946 831.43555 4279441426
250.81003 -9.8222656 831.38818 4279441425
251.21217 -9.858634 831.37982 4279375889
251.73965 -9.8176041 831.32599 4279441426
252.1405 -9.8568697 831.31488 4279375890
252.67111 -9.8197308 831.26959 4279375633
253.07443 -9.859066 831.2677 4279375889
253.61415 -9.8201818 831.25226 4279375888
254.02434 -9.8576031 831.27191 4279375889
254.57297 -9.8164701 831.28528 4279375889
254.98721 -9.8547525 831.31934 4279375634
255.54401 -9.8178129 831.35724 4279375890
255.96616 -9.8608999 831.4184 4279375890
256.52469 -9.8240538 831.45966 4279310098
256.93454 -9.8619452 831.48242 4279375632
257.47372 -9.8221502 831.45905 4279441424
257.84506 -9.8576956 831.35858 4279441424
258.379 -9.823391 831.32007 4279441167
258.76535 -9.8546362 831.26721 4279506960
259.27728 -9.817728 831.15436 4279440909
250.60036 -9.3631306 832.27142 4279309584
250.94315 -9.2904587 832.24408 4279309584
251.54126 -9.3603067 832.24323 4279309584
251.87697 -9.2888622 832.19385 4279309583
252.47186 -9.3589983 832.18115 4279244047
252.80684 -9.2882395 832.13019 4279309839
253.40352 -9.3616533 832.12323 4279244303
253.74397 -9.2923584 832.08997 4279244303
254.33647 -9.360199 832.0686 4279309839
254.68277 -9.2860193 832.05542 4279309840
255.28069 -9.355464 832.05017 4279244048
255.62326 -9.2869339 832.02515 4279244048
256.22763 -9.3593798 832.04089 4279244048
256.56516 -9.2915497 832.00055 4279309840
257.15219 -9.3651886 831.96051 4279244047
257.48029 -9.2862654 831.88898 4279309582
258.02158 -9.3572922 831.70166 4279244045
258.3515 -9.2893476 831.63892 4279309324
258.92319 -9.3477621 831.54712 4279243788
259.22464 -9.2867336 831.39343 4279177738
250.32202 -8.8998785 832.93018 4279112462
250.7309 -8.9402132 832.94067 4279112461
251.26112 -8.9014778 832.89337 4279112462
251.66382 -8.9414053 832.88422 4279177998
252.18465 -8.8971329 832.80579 4279112205
252.58522 -8.9341822 832.79132 4279112461
253.10831 -8.8984995 832.71924 4279178253
253.51485 -8.9393759 832.72473 4279178252
254.04861 -8.8970356 832.68762 4279244045
254.43817 -8.933672 832.63708 4279178253
254.98277 -8.8946562 832.63507 4279177998
255.37718 -8.9346581 832.60144 4279177997
255.90294 -8.8932104 832.53351 4279177997
256.30026 -8.9331551 832.51495 4279177997
256.81885 -8.9026976 832.42194 4279177996
257.19962 -8.9426107 832.35089 4279177996
257.74194 -8.902257 832.336 4279046666
258.11899 -8.9305582 832.25305 4279046409
258.65677 -8.8905544 832.22632 4279046408
250.05423 -8.4457378 833.62555 4279046155
250.40434 -8.3722782 833.61975 4278980619
251.01079 -8.4358883 833.64423 4278980619
251.37688 -8.3641224 833.69165 4279046155
251.9747 -8.4372673 833.68665 4278980363
252.3087 -8.3663511 833.63129 4278980619
252.90637 -8.4350004 833.62476 4278980618
253.22929 -8.3650656 833.53296 4279046410
253.8291 -8.4391594 833.53015 4279112203
254.16071 -8.3749895 833.4693 4279112203
254.71126 -8.4392338 833.30438 4279112203
255.05327 -8.3608189 833.27875 4279112203
255.62932 -8.4276724 833.19592 4279046411
255.94138 -8.3657312 833.07391 4279046410
256.52399 -8.436923 833.0141 4279111946
256.82437 -8.3676491 832.85413 4279046409
257.39938 -8.448966 832.77368 4279111945
257.74011 -8.3569679 832.74164 4278980615
258.29623 -8.4298649 832.59985 4278914822
250.18359 -8.0038786 834.29535 4278848775
250.72351 -7.9697323 834.27472 4278782983
251.13098 -8.0142059 834.2793 4278782983
251.66537 -7.980113 834.24304 4278782983
252.05853 -8.0252895 834.20068 4278782983
252.58096 -7.9760342 834.12469 4278783239
252.97835 -8.0113859 834.09784 4278849031
253.49237 -7.9793429 833.995 4278914823
253.90266 -8.0195961 834.00995 4278980616
254.43481 -7.9659715 833.96619 4279046152
254.82076 -8.0005131 833.90155 4279046152
255.38634 -7.9698582 833.96649 4278980616
255.78938 -8.0176077 833.95685 4278914823
256.78094 -8.0092249 834.0896 4278980359
253.89673 -7.5290599 836.90277 4278717444
254.8326 -7.8113928 836.83398 4278914822
